1521300501470604
1521300501603890
1521300501620610
1521300501637212
1521300501653939
1521300501670532
1521300501687225
1521300501703850
1521300501720533
1521300501737205
1521300501753905
1521300501770530
1521300501787135
1521300501803831
1521300501820493
1521300501837160
1521300501853809
1521300501870482
1521300501887113
1521300501903765
1521300501920510
1521300501937099
1521300501953767
1521300501970459
1521300501987112
1521300502003740
1521300502020387
1521300502037079
1521300502053755
1521300502070405
1521300502087058
1521300502103717
1521300502120374
1521300502137015
1521300502153734
1521300502170353
1521300502187010
1521300502203666
1521300502220358
1521300502236984
1521300502253636
1521300502270333
1521300502286995
1521300502303619
1521300502320288
1521300502336985
1521300502353607
1521300502370265
1521300502386951
1521300502403601
1521300502420251
1521300502436915
1521300502453588
1521300502470238
1521300502486886
1521300502503602
1521300502520220
1521300502536878
1521300502553522
1521300502570211
1521300502586863
1521300502603514
1521300502620202
1521300502636869
1521300502653493
1521300502670165
1521300502686859
1521300502703485
1521300502720205
1521300502736830
1521300502753472
1521300502770128
1521300502786772
1521300502803488
1521300502820131
1521300502836763
1521300502870102
1521300502886751
1521300502903418
1521300502920086
1521300502936725
1521300502953409
1521300502970079
1521300502986743
1521300503003386
1521300503020088
1521300503036750
1521300503053363
1521300503070014
1521300503086702
1521300503103382
1521300503120070
1521300503136666
1521300503153354
1521300503170003
1521300503186637
1521300503203329
1521300503219981
1521300503236627
1521300503253270
1521300503269961
1521300503286605
1521300503303289
1521300503319953
1521300503336576
1521300503353252
1521300503369899
1521300503386711
1521300503403237
1521300503419886
1521300503436579
1521300503453222
1521300503469935
1521300503486615
1521300503503206
1521300503519865
1521300503536514
1521300503553233
1521300503569873
1521300503586524
1521300503603167
1521300503619849
1521300503636485
1521300503653239
1521300503669826
1521300503686485
1521300503703155
1521300503719786
1521300503736454
1521300503753157
1521300503769763
1521300503786473
1521300503803123
1521300503819751
1521300503836416
1521300503853077
1521300503869751
1521300503886387
1521300503903123
1521300503919721
1521300503936388
1521300503953037
1521300503969724
1521300503986358
1521300504003024
1521300504019725
1521300504036369
1521300504053042
1521300504069666
1521300504086399
1521300504102987
1521300504119637
1521300504136330
1521300504152975
1521300504169621
1521300504186354
1521300504202956
1521300504219609
1521300504236263
1521300504252976
1521300504269610
1521300504286241
1521300504302916
1521300504319577
1521300504336236
1521300504352888
1521300504369579
1521300504386223
1521300504402872
1521300504419579
1521300504436218
1521300504452940
1521300504469525
1521300504486270
1521300504502872
1521300504519491
1521300504536177
1521300504552907
1521300504569499
1521300504586206
1521300504602830
1521300504619462
1521300504636164
1521300504652793
1521300504669476
1521300504686105
1521300504702768
1521300504719481
1521300504736099
1521300504752732
1521300504769413
1521300504786148
1521300504806862
1521300504819411
1521300504836115
1521300504852763
1521300504869390
1521300504886011
1521300504902708
1521300504919370
1521300504936035
1521300504952683
1521300504969328
1521300504986047
1521300505002668
1521300505019328
1521300505035973
1521300505052636
1521300505069330
1521300505085989
1521300505102630
1521300505119288
1521300505135974
1521300505152598
1521300505169262
1521300505185990
1521300505202594
1521300505219237
1521300505235915
1521300505252600
1521300505269211
1521300505285885
1521300505302569
1521300505319211
1521300505335879
1521300505352538
1521300505369202
1521300505385879
1521300505402561
1521300505419202
1521300505435837
1521300505452504
1521300505469138
1521300505485868
1521300505502478
1521300505519135
1521300505535829
1521300505552461
1521300505569110
1521300505585760
1521300505602459
1521300505619097
1521300505635777
1521300505652414
1521300505669086
1521300505685741
1521300505702419
1521300505719078
1521300505735725
1521300505752386
1521300505769040
1521300505785730
1521300505802368
1521300505819034
1521300505835714
1521300505852347
1521300505869014
1521300505885707
1521300505902343
1521300505918983
1521300505935639
1521300505952328
1521300505968972
1521300505985636
1521300506002326
1521300506018984
1521300506035610
1521300506052283
1521300506068976
1521300506085620
1521300506102256
1521300506118913
1521300506135589
1521300506152238
1521300506168890
1521300506185607
1521300506202222
1521300506218868
1521300506235540
1521300506252212
1521300506268860
1521300506285533
1521300506302210
1521300506318847
1521300506335494
1521300506352161
1521300506368860
1521300506385504
1521300506402137
1521300506418883
1521300506435472
1521300506452126
1521300506468774
1521300506485462
1521300506502144
1521300506518760
1521300506535468
1521300506552163
1521300506568743
1521300506585398
1521300506602123
1521300506618739
1521300506635387
1521300506652100
1521300506668733
1521300506685399
1521300506702022
1521300506718816
1521300506735349
1521300506752034
1521300506768705
1521300506785425
1521300506802003
1521300506818644
1521300506835339
1521300506851982
1521300506868639
1521300506885328
1521300506901975
1521300506918640
1521300506935285
1521300506951983
1521300506968607
1521300506985262
1521300507001959
1521300507018587
1521300507035254
1521300507051914
1521300507068589
1521300507085235
1521300507101887
1521300507118577
1521300507135205
1521300507151883
1521300507168560
1521300507185218
1521300507201879
1521300507218512
1521300507235205
1521300507251869
1521300507268503
1521300507285162
1521300507301858
1521300507318532
1521300507335139
1521300507351828
1521300507368474
1521300507385195
1521300507401790
1521300507418480
1521300507435109
1521300507451760
1521300507468451
1521300507485115
1521300507501746
1521300507518478
1521300507535080
1521300507551734
1521300507568388
1521300507585140
1521300507601724
1521300507618379
1521300507635060
1521300507651706
1521300507668361
1521300507685013
1521300507701738
1521300507718443
1521300507735003
1521300507751662
1521300507768338
1521300507784992
1521300507801637
1521300507818349
1521300507834970
1521300507851616
1521300507868303
1521300507884993
1521300507901612
1521300507918327
1521300507934968
1521300507951597
1521300507968257
1521300507984990
1521300508001585
1521300508018279
1521300508034923
1521300508051599
1521300508068223
1521300508084984
1521300508101539
1521300508118270
1521300508134861
1521300508151510
1521300508168202
1521300508184924
1521300508201491
1521300508218227
1521300508234830
1521300508251482
1521300508268139
1521300508284896
1521300508301483
1521300508318105
1521300508334772
1521300508351453
1521300508368124
1521300508384761
1521300508401455
1521300508418152
1521300508434733
1521300508451434
1521300508468078
1521300508484746
1521300508501388
1521300508518077
1521300508534706
1521300508551358
1521300508568040
1521300508584703
1521300508601350
1521300508618073
1521300508634703
1521300508651327
1521300508667983
1521300508684665
1521300508701328
1521300508717972
1521300508734678
1521300508751287
1521300508767964
1521300508784611
1521300508801290
1521300508817959
1521300508834599
1521300508851274
1521300508867953
1521300508884599
1521300508901236
1521300508917934
1521300508934580
1521300508951263
1521300508967886
1521300508984600
1521300509001220
1521300509017884
1521300509034526
1521300509051203
1521300509067864
1521300509084511
1521300509101164
1521300509117853
1521300509134489
1521300509151137
1521300509167830
1521300509184494
1521300509201138
1521300509217790
1521300509234459
1521300509251152
1521300509267763
1521300509284475
1521300509301139
1521300509317799
1521300509334454
1521300509351088
1521300509367735
1521300509384480
1521300509401078
1521300509417738
1521300509434388
1521300509451078
1521300509467709
1521300509484357
1521300509501013
1521300509517741
1521300509534370
1521300509551035
1521300509567686
1521300509584338
1521300509600988
1521300509617663
1521300509634342
1521300509650971
1521300509667658
1521300509684287
1521300509700964
1521300509717606
1521300509734262
1521300509750953
1521300509767599
1521300509784242
1521300509800915
1521300509817586
1521300509834237
1521300509850911
1521300509867601
1521300509884240
1521300509900916
1521300509917539
1521300509934212
1521300509950858
1521300509967513
1521300509984203
1521300510000877
1521300510017505
1521300510034164
1521300510050858
1521300510067510
1521300510084157
1521300510100848
1521300510117494
1521300510134127
1521300510150772
1521300510167465
1521300510184108
1521300510200764
1521300510217453
1521300510234110
1521300510250775
1521300510267408
1521300510284086
1521300510300733
1521300510317409
1521300510334079
1521300510350743
1521300510367392
1521300510384107
1521300510400714
1521300510417347
1521300510434009
1521300510450701
1521300510467363
1521300510484002
1521300510500649
1521300510517355
1521300510533984
1521300510550635
1521300510567330
1521300510583963
1521300510600628
1521300510617356
1521300510633965
1521300510650608
1521300510667266
1521300510683952
1521300510700588
1521300510717321
1521300510733898
1521300510750586
1521300510767235
1521300510783886
1521300510800588
1521300510817229
1521300510833879
1521300510850538
1521300510867214
1521300510883867
1521300510900515
1521300510917231
1521300510933860
1521300510950502
1521300510967162
1521300510983836
1521300511000487
1521300511017247
1521300511033831
1521300511050472
1521300511067128
1521300511083774
1521300511100457
1521300511117112
1521300511133764
1521300511150524
1521300511167083
1521300511183819
1521300511200414
1521300511217081
1521300511233733
1521300511250386
1521300511267088
1521300511283778
1521300511300371
1521300511317057
1521300511333715
1521300511350363
1521300511367013
1521300511383778
1521300511400348
1521300511416994
1521300511433707
1521300511450349
1521300511466981
1521300511483705
1521300511500330
1521300511516992
1521300511533619
1521300511550366
1521300511566954
1521300511583609
1521300511600263
1521300511616982
1521300511633601
1521300511650317
1521300511666910
1521300511683575
1521300511700235
1521300511716887
1521300511733587
1521300511750220
1521300511766878
1521300511783538
1521300511800226
1521300511816857
1521300511833511
1521300511850200
1521300511866846
1521300511883571
1521300511900164
1521300511916894
1521300511933485
1521300511950135
1521300511966830
1521300511983470
1521300512000124
1521300512016789
1521300512033466
1521300512050172
1521300512066762
1521300512083453
1521300512100100
1521300512116808
1521300512133415
1521300512150118
1521300512166733
1521300512183389
1521300512200039
1521300512216721
1521300512233365
1521300512250041
1521300512266700
1521300512283354
1521300512300009
1521300512316662
1521300512333325
1521300512349987
1521300512366638
1521300512383365
1521300512399974
1521300512416638
1521300512433329
1521300512449979
1521300512466615
1521300512483288
1521300512499949
1521300512516598
1521300512533264
1521300512549953
1521300512566591
1521300512583236
1521300512599889
1521300512616579
1521300512633223
1521300512649887
1521300512666580
1521300512683211
1521300512699863
1521300512716539
1521300512733205
1521300512749864
1521300512766509
1521300512783161
1521300512799839
1521300512816483
1521300512833139
1521300512849865
1521300512866471
1521300512883159
1521300512899787
1521300512916463
1521300512933115
1521300512949761
1521300512966455
1521300512983097
1521300512999759
1521300513016455
1521300513033089
1521300513049760
1521300513066387
1521300513083104
1521300513099724
1521300513116387
1521300513133084
1521300513149785
1521300513166360
1521300513183013
1521300513199713
1521300513216347
1521300513233015
1521300513249707
1521300513266335
1521300513282982
1521300513299634
1521300513316367
1521300513332976
1521300513349637
1521300513366290
1521300513383028
1521300513399606
1521300513416262
1521300513432949
1521300513449596
1521300513466238
1521300513482910
1521300513499586
1521300513516254
1521300513532908
1521300513549579
1521300513566260
1521300513582871
1521300513599539
1521300513616240
1521300513632867
1521300513649513
1521300513666204
1521300513682866
1521300513699490
1521300513716162
1521300513732838
1521300513749488
1521300513766138
1521300513782855
1521300513799474
1521300513816126
1521300513832768
1521300513849460
1521300513866109
1521300513882762
1521300513899454
1521300513916098
1521300513932755
1521300513949397
1521300513966086
1521300513982745
1521300513999387
1521300514016080
1521300514032739
1521300514049441
1521300514066042
1521300514082713
1521300514099433
1521300514116012
1521300514132694
1521300514149347
1521300514166038
1521300514182648
1521300514199338
1521300514215980
1521300514232633
1521300514249359
1521300514265974
1521300514282693
1521300514299287
1521300514315962
1521300514332605
1521300514349263
1521300514365954
1521300514382632
1521300514399253
1521300514415897
1521300514432598
1521300514449284
1521300514465906
1521300514482605
1521300514499233
1521300514515936
1521300514532522
1521300514549214
1521300514565860
1521300514582513
1521300514599202
1521300514615847
1521300514632562
1521300514649231
1521300514665829
1521300514682482
1521300514699136
1521300514715829
1521300514732471
1521300514749127
1521300514765802
1521300514782478
1521300514799110
1521300514815762
1521300514832451
1521300514849114
1521300514865768
1521300514882396
1521300514899081
1521300514915733
1521300514932390
1521300514949102
1521300514965726
1521300514982404
1521300514999022
1521300515015704
1521300515032357
1521300515049032
1521300515065730
1521300515082347
1521300515099000
1521300515115663
1521300515132328
1521300515148996
1521300515165640
1521300515182329
1521300515198974
1521300515215639
1521300515232309
1521300515248975
1521300515265611
1521300515282330
1521300515298952
1521300515315597
1521300515332241
1521300515348988
1521300515365580
1521300515382234
1521300515398887
1521300515415605
1521300515432231
1521300515448944
1521300515465539
1521300515482229
1521300515498860
1521300515515531
1521300515532203
1521300515548963
1521300515565503
1521300515582239
1521300515598829
1521300515615492
1521300515632134
1521300515648830
1521300515665473
1521300515682127
1521300515698789
1521300515715493
1521300515732109
1521300515748760
1521300515765454
1521300515782106
1521300515798749
1521300515815413
1521300515832077
1521300515848733
1521300515865388
1521300515882104
1521300515898725
1521300515915395
1521300515932037
1521300515948703
1521300515965359
1521300515982088
1521300515998665
1521300516015454
1521300516031986
1521300516048684
1521300516065331
1521300516081993
1521300516098637
1521300516115324
1521300516131978
1521300516148608
1521300516165291
1521300516181983
1521300516198600
1521300516215284
1521300516231912
1521300516248588
1521300516265234
1521300516281912
1521300516298579
1521300516315281
1521300516331908
1521300516348577
1521300516365215
1521300516381884
1521300516398537
1521300516415229
1521300516431847
1521300516448511
1521300516465165
1521300516481908
1521300516498485
1521300516515158
1521300516531906
1521300516548559
1521300516565139
1521300516581867
1521300516598452
1521300516615112
1521300516631759
1521300516648451
1521300516665096
1521300516681767
1521300516698412
1521300516715086
1521300516731733
1521300516748386
1521300516765078
1521300516781802
1521300516798387
1521300516815077
1521300516831733
1521300516848380
1521300516865022
1521300516881704
1521300516898352
1521300516914992
1521300516931663
1521300516948337
1521300516964982
1521300516981635
1521300516998327
1521300517014974
1521300517031617
1521300517048287
1521300517064965
1521300517081608
1521300517098262
1521300517114980
1521300517131596
1521300517148243
1521300517164916
1521300517181606
1521300517198232
1521300517214959
1521300517231642
1521300517248223
1521300517264880
1521300517281536
1521300517298229
1521300517314857
1521300517331511
1521300517348241
1521300517364851
1521300517381492
1521300517398147
1521300517414837
1521300517431488
1521300517448136
1521300517464827
1521300517481472
1521300517498126
1521300517514837
1521300517531462
1521300517548113
1521300517564759
1521300517581452
1521300517598112
1521300517614750
1521300517631396
1521300517648088
1521300517664730
1521300517681389
1521300517698080
1521300517714804
1521300517731376
1521300517748036
1521300517764723
1521300517781357
1521300517798013
1521300517814703
1521300517831346
1521300517848002
1521300517864645
1521300517881337
1521300517897987
1521300517914665
1521300517931328
1521300517947972
1521300517964627
1521300517981348
1521300517997964
1521300518014610
1521300518031261
1521300518047953
1521300518064596
1521300518081311
1521300518097918
1521300518114603
1521300518131232
1521300518147886
1521300518164644
1521300518181201
1521300518197875
1521300518214520
1521300518231231
1521300518247858
1521300518264510
1521300518281229
1521300518297829
1521300518314501
1521300518331163
1521300518347838
1521300518364482
1521300518381138
1521300518397841
1521300518414479
1521300518431126
1521300518447787
1521300518464453
1521300518481151
1521300518497781
1521300518514479
1521300518531077
1521300518547751
1521300518564412
1521300518581087
1521300518597755
1521300518614387
1521300518631075
1521300518647722
1521300518664376
1521300518681038
1521300518697710
1521300518714359
1521300518731008
1521300518747724
1521300518764400
1521300518780993
1521300518797701
1521300518814357
1521300518830982
1521300518847636
1521300518864351
1521300518880972
1521300518897619
1521300518914356
1521300518930950
1521300518947606
1521300518964262
1521300518980988
1521300518997598
1521300519014307
1521300519030911
1521300519047579
1521300519064229
1521300519080884
1521300519097580
1521300519114217
1521300519130888
1521300519147538
1521300519164202
1521300519180858
1521300519197509
1521300519214201
1521300519230847
1521300519247492
1521300519264160
1521300519280902
1521300519297519
1521300519314213
1521300519330827
1521300519347473
1521300519364126
1521300519380786
1521300519397455
1521300519414105
1521300519430760
1521300519447453
1521300519464096
1521300519480751
1521300519497415
1521300519514077
1521300519530731
1521300519547387
1521300519564077
1521300519580722
1521300519597354
1521300519614116
1521300519630704
1521300519647357
1521300519664009
1521300519680703
1521300519697372
1521300519713982
1521300519730663
1521300519747328
1521300519763980
1521300519780636
1521300519797330
1521300519813982
1521300519830607
1521300519847287
1521300519863951
1521300519880597
1521300519897268
1521300519913991
1521300519930606
1521300519947238
1521300519963912
1521300519980578
1521300519997222
1521300520013902
1521300520030575
1521300520047204
1521300520063931
1521300520080539
1521300520097201
1521300520113873
1521300520130511
1521300520147270
1521300520163835
1521300520180484
1521300520197136
1521300520213899
1521300520230471
1521300520247136
1521300520263787
1521300520280462
1521300520297107
1521300520313775
1521300520330474
1521300520347182
1521300520363783
1521300520380454
1521300520397089
1521300520413750
1521300520430451
1521300520447115
1521300520463721
1521300520480366
1521300520497041
1521300520513731
1521300520530410
1521300520547011
1521300520563701
1521300520580404
1521300520597015
1521300520613722
1521300520630353
1521300520646984
1521300520663635
1521300520680329
1521300520696977
1521300520713637
1521300520730287
1521300520746962
1521300520763619
1521300520780262
1521300520796952
1521300520813597
1521300520830241
1521300520846978
1521300520863586
1521300520880233
1521300520896887
1521300520913616
1521300520930221
1521300520946900
1521300520963538
1521300520980212
1521300520996860
1521300521013514
1521300521030229
1521300521046847
1521300521063500
1521300521080163
1521300521096839
1521300521113529
1521300521130135
1521300521146828
1521300521163472
1521300521180118
1521300521196769
1521300521213493
1521300521230163
1521300521246761
1521300521263452
1521300521280119
1521300521296751
1521300521313443
1521300521330152
1521300521346731
1521300521363387
1521300521380076
1521300521396733
1521300521413377
1521300521430089
1521300521446711
1521300521463355
1521300521480010
1521300521496699
1521300521513347
1521300521530074
1521300521546647
1521300521563336
1521300521579981
1521300521596635
1521300521613328
1521300521630044
1521300521646628
1521300521663269
1521300521679962
1521300521696627
1521300521713359
1521300521729973
1521300521746613
1521300521763251
1521300521779912
1521300521796585
1521300521813245
1521300521829918
1521300521846612
1521300521863212
1521300521879877
1521300521896599
1521300521913242
1521300521929916
1521300521946512
1521300521963201
1521300521979827
1521300521996492
1521300522013164
1521300522029854
1521300522046535
1521300522063136
1521300522079865
1521300522096470
1521300522113115
1521300522129807
1521300522146488
1521300522163106
1521300522179834
1521300522196451
1521300522213104
1521300522229770
1521300522246514
1521300522263078
1521300522279733
1521300522296385
1521300522313080
1521300522329724
1521300522346440
1521300522363036
1521300522379702
1521300522396356
1521300522413011
1521300522429700
1521300522446348
1521300522463000
1521300522479662
1521300522496306
1521300522512993
1521300522529635
1521300522546405
1521300522562987
1521300522579616
1521300522596284
1521300522612988
1521300522629611
1521300522646325
1521300522662956
1521300522679597
1521300522696271
1521300522712991
1521300522729556
1521300522746243
1521300522762886
1521300522779578
1521300522796237
1521300522812943
1521300522829520
1521300522846200
1521300522862862
1521300522879511
1521300522896197
1521300522912845
1521300522929490
1521300522946162
1521300522962873
1521300522979485
1521300522996134
1521300523012938
1521300523029488
1521300523046127
1521300523062788
1521300523079453
1521300523096113
1521300523112761
1521300523129421
1521300523146097
1521300523162740
1521300523179414
1521300523196079
1521300523212754
1521300523229386
1521300523246077
1521300523262737
1521300523279355
1521300523296035
1521300523312700
1521300523329382
1521300523346012
1521300523362682
1521300523379327
1521300523395986
1521300523412666
1521300523429308
1521300523445982
1521300523462637
1521300523479368
1521300523496015
1521300523512607
1521300523529337
1521300523545990
1521300523562612
1521300523579261
1521300523595929
1521300523612578
1521300523629263
1521300523645953
1521300523662633
1521300523679227
1521300523695886
1521300523712576
1521300523729236
1521300523745859
1521300523762606
1521300523779204
1521300523795862
1521300523812511
1521300523829182
1521300523845838
1521300523862524
1521300523879164
1521300523895867
1521300523912482
1521300523929141
1521300523945827
1521300523962549
1521300523979108
1521300523995761
1521300524012455
1521300524029139
1521300524045762
1521300524062427
1521300524079117
1521300524095737
1521300524112412
1521300524129055
1521300524145725
1521300524162395
1521300524179079
1521300524195738
1521300524212358
1521300524229023
1521300524245711
1521300524262390
1521300524279011
1521300524295682
1521300524312337
1521300524329012
1521300524345636
1521300524362385
1521300524378991
1521300524395653
1521300524412329
1521300524429016
1521300524445607
1521300524462268
1521300524478979
1521300524495617
1521300524512240
1521300524528971
1521300524545587
1521300524562237
1521300524578887
1521300524595566
1521300524612222
1521300524628941
1521300524645538
1521300524662263
1521300524678857
1521300524695512
1521300524712202
1521300524728969
1521300524745492
1521300524762162
1521300524778905
1521300524795488
1521300524812136
1521300524828817
1521300524845527
1521300524862152
1521300524878769
1521300524895527
1521300524912112
1521300524928760
1521300524945490
1521300524962138
1521300524978750
1521300524995412
1521300525012091
1521300525028736
1521300525045387
1521300525062067
1521300525078788
1521300525095376
1521300525112020
1521300525128710
1521300525145358
1521300525162012
1521300525178724
1521300525195362
1521300525212001
1521300525228644
1521300525245353
1521300525262014
1521300525278663
1521300525295298
1521300525311995
1521300525328626
1521300525345270
1521300525362003
1521300525378607
1521300525395261
1521300525411955
1521300525428610
1521300525445252
1521300525461898
1521300525478603
1521300525495237
1521300525511885
1521300525528545
1521300525545225
1521300525561864
1521300525578588
1521300525595237
1521300525611860
1521300525628507
1521300525645229
1521300525661901
1521300525678501
1521300525695146
1521300525711836
1521300525728486
1521300525745208
1521300525761873
1521300525778454
1521300525795125
1521300525811790
1521300525828440
1521300525845118
1521300525861828
1521300525878564
1521300525895152
1521300525911753
1521300525928433
1521300525945104
1521300525961792
1521300525978455
1521300525995047
1521300526011737
1521300526028393
1521300526045039
1521300526061703
1521300526078355
1521300526095008
1521300526111704
1521300526128360
1521300526145061
1521300526161662
1521300526178356
1521300526195017
1521300526211664
1521300526228296
1521300526244985
1521300526261616
1521300526278364
1521300526294999
1521300526311609
1521300526328261
1521300526345021
1521300526361613
1521300526378342
1521300526394911
1521300526411590
1521300526428236
1521300526444885
1521300526461668
1521300526478220
1521300526494886
1521300526511537
1521300526528204
1521300526544856
1521300526561510
1521300526578200
1521300526594859
1521300526611493
1521300526628161
1521300526644825
1521300526661487
1521300526678136
1521300526694808
1521300526711483
1521300526728115
1521300526744787
1521300526761432
1521300526778116
1521300526794758
1521300526811468
1521300526828141
1521300526844735
1521300526861494
1521300526878177
1521300526894762
1521300526911389
1521300526928047
1521300526944735
1521300526961361
1521300526978038
1521300526994678
1521300527011374
1521300527028011
1521300527044701
1521300527061389
1521300527078001
1521300527094662
1521300527111328
1521300527127988
1521300527144636
1521300527161328
1521300527178016
1521300527194634
1521300527211288
1521300527227931
1521300527244653
1521300527261268
1521300527278031
1521300527294643
1521300527311237
1521300527327911
1521300527344575
1521300527361237
1521300527377886
1521300527394556
1521300527411213
1521300527427861
1521300527444603
1521300527461181
1521300527477847
1521300527494565
1521300527511165
1521300527527863
1521300527544491
1521300527561162
1521300527577827
1521300527594488
1521300527611137
1521300527627786
1521300527644462
1521300527661139
1521300527677779
1521300527694489
1521300527711097
1521300527727761
1521300527744482
1521300527761140
1521300527777800
1521300527794406
1521300527811081
1521300527827820
1521300527844366
1521300527861110
1521300527877724
1521300527894365
1521300527911017
1521300527927682
1521300527944346
1521300527961017
1521300527977667
1521300527994402
1521300528011009
1521300528027635
1521300528044356
1521300528060989
1521300528077617
1521300528094307
1521300528110997
1521300528127612
1521300528144261
1521300528161018
1521300528177619
1521300528194262
1521300528210928
1521300528227612
1521300528244232
1521300528260883
1521300528277614
1521300528294236
1521300528310899
1521300528327559
1521300528344227
1521300528360937
1521300528377512
1521300528394228
1521300528410868
1521300528427501
1521300528444162
1521300528460925
1521300528477486
1521300528494188
1521300528510831
1521300528527486
1521300528544125
1521300528560863
1521300528577484
1521300528594133
1521300528610762
1521300528627442
1521300528644095
1521300528660806
1521300528677480
1521300528694186
1521300528710733
1521300528727387
1521300528744103
1521300528760793
1521300528777377
1521300528794102
1521300528810712
1521300528827435
1521300528844011
1521300528860739
1521300528877347
1521300528894028
1521300528910661
1521300528927362
1521300528943979
1521300528960635
1521300528977365
1521300528994016
1521300529010652
1521300529027271
1521300529043962
1521300529060609
1521300529077263
1521300529093920
1521300529110601
1521300529127252
1521300529143901
1521300529160612
1521300529177232
1521300529193938
1521300529210592
1521300529227236
1521300529243915
1521300529260520
1521300529277210
1521300529293901
1521300529310512
1521300529327172
1521300529343838
1521300529360500
1521300529377238
1521300529393861
1521300529410517
1521300529427136
1521300529443863
1521300529460486
1521300529477127
1521300529493849
1521300529510468
1521300529527112
1521300529543761
1521300529560421
1521300529577101
1521300529593771
1521300529610417
1521300529627066
1521300529643734
1521300529660407
1521300529677076
1521300529693710
1521300529710405
1521300529727058
1521300529743714
1521300529760400
1521300529777070
1521300529793698
1521300529810329
1521300529827000
1521300529843667
1521300529860305
1521300529876984
1521300529893642
1521300529910333
1521300529926986
1521300529943628
1521300529960287
1521300529976990
1521300529993612
1521300530010277
1521300530026921
1521300530043674
1521300530060241
1521300530076915
1521300530093632
1521300530110256
1521300530126884
1521300530143578
1521300530160236
1521300530176944
1521300530193537
1521300530210203
1521300530226862
1521300530243516
1521300530260170
1521300530276928
1521300530293492
1521300530310162
1521300530326806
1521300530343493
1521300530360158
1521300530376906
1521300530393487
1521300530410141
1521300530426792
1521300530443457
1521300530460134
1521300530476760
1521300530493453
1521300530510121
1521300530526763
1521300530543434
1521300530560079
1521300530576731
1521300530593386
1521300530610095
1521300530626737
1521300530643372
1521300530660038
1521300530676703
1521300530693363
1521300530710027
1521300530726682
1521300530743358
1521300530760001
1521300530776663
1521300530793307
1521300530810021
1521300530826689
1521300530843328
1521300530859985
1521300530876626
1521300530893293
1521300530909960
1521300530926612
1521300530943264
1521300530959931
1521300530976619
1521300530993258
1521300531009920
1521300531026558
1521300531043249
1521300531059885
1521300531076536
